# 코스피 이동평균선 근접 종목 분석 리포트
**기준일:** 2026-04-26  
**스캔 유니버스:** 코스피 주요 종목 (총 73개)  
**기준:** 60 / 120 / 240일 이동평균선 ±2.0% 이내

---

## 요약

| 구분 | 종목 수 |
|---|---:|
| 60일선 근접 | **11개** |
| 120일선 근접 | **4개** |
| 240일선 근접 | **3개** |
| 2개 이상 이평선 동시 근접 | **3개** |

---

## 1. 핵심 추천 종목 (종합 점수 상위)

> 복수 이평선 수렴 · RSI · 업사이드 · PER을 종합 채점한 결과입니다.

| 티커 | 종목명 | 추세 | 현재가(₩) | RSI | 52주고점% | 업사이드% | PER | MA 위치 |
|---|---|:---:|---:|---:|---:|---:|---:|---|
| 001450 | 현대해상           | ↑ 상승 | ₩30,550 |   50 |  -21.3% |   +19.9% |      - | MA60 -1.6% / MA120 +1.9% |
| 011040 | CJ대한통운         | ↓↓ 강하락 | ₩5,630 |   56 |   -6.6% |    +nan% |      - | MA60 +0.9% / MA120 +0.2% / MA240 -0.1% |
| 011780 | 금호석유           | ↑ 상승 | ₩133,400 |   52 |  -13.0% |   +23.7% |      - | MA60 +0.0% |
| 012330 | 현대모비스          | → 중립 | ₩422,500 |   51 |  -19.2% |   +31.4% |      - | MA60 -0.1% |
| 000080 | 하이트진로          | ↓↓ 강하락 | ₩17,180 |   52 |  -21.9% |   +31.3% |      - | MA60 -0.3% |
| 005380 | 현대자동차          | ↑↑ 강상승 | ₩513,000 |   50 |  -23.9% |   +25.6% |      - | MA60 +0.5% |
| 018260 | 삼성SDS          | ↓ 하락 | ₩169,800 |   52 |  -12.9% |   +24.9% |      - | MA120 +0.6% |
| 068270 | 셀트리온           | → 중립 | ₩209,000 |   54 |  -15.9% |   +24.6% |      - | MA60 -1.4% |
| 251270 | 넷마블            | ↓ 하락 | ₩50,400 |   47 |  -24.7% |   +41.4% |      - | MA120 -1.9% |
| 006280 | GC녹십자          | → 중립 | ₩142,900 |   45 |  -19.9% |   +43.7% |      - | MA240 +1.9% |

- **001450 현대해상** — MA60 -1.6% / MA120 +1.9% / RSI 50.5 (중립) / 업사이드 +19.9%
- **011040 CJ대한통운** — MA60 +0.9% / MA120 +0.2% / MA240 -0.1% / RSI 56.8 (중립) / 업사이드 +nan%
- **011780 금호석유** — MA60 +0.0% / RSI 52.4 (중립) / 업사이드 +23.7%
- **012330 현대모비스** — MA60 -0.1% / RSI 51.7 (중립) / 업사이드 +31.4%
- **000080 하이트진로** — MA60 -0.3% / RSI 52.0 (중립) / 업사이드 +31.3%
- **005380 현대자동차** — MA60 +0.5% / RSI 50.9 (중립) / 업사이드 +25.6%
- **018260 삼성SDS** — MA120 +0.6% / RSI 52.5 (중립) / 업사이드 +24.9%
- **068270 셀트리온** — MA60 -1.4% / RSI 54.9 (중립) / 업사이드 +24.6%
- **251270 넷마블** — MA120 -1.9% / RSI 47.7 (중립) / 업사이드 +41.4%
- **006280 GC녹십자** — MA240 +1.9% / RSI 45.3 (중립) / 업사이드 +43.7%

---

## 2. 테마별 분석

### B. 이평선 수렴 — 2개 이상 MA 동시 근접

> 단기·중기·장기 이평선이 한 가격대에 겹치는 구간. 방향 돌파 시 강한 추세.

| 티커 | 종목명 | 추세 | 현재가(₩) | RSI | 52주고점% | 업사이드% | PER | MA 위치 |
|---|---|:---:|---:|---:|---:|---:|---:|---|
| 001450 | 현대해상           | ↑ 상승 | ₩30,550 |   50 |  -21.3% |   +19.9% |      - | MA60 -1.6% / MA120 +1.9% |
| 011040 | CJ대한통운         | ↓↓ 강하락 | ₩5,630 |   56 |   -6.6% |    +nan% |      - | MA60 +0.9% / MA120 +0.2% / MA240 -0.1% |
| 011200 | HMM            | ↑ 상승 | ₩21,100 |   54 |  -16.2% |    +2.7% |      - | MA60 +1.8% / MA240 +1.0% |

### C. 성장주 — 애널리스트 업사이드 20%+ + MA 근접

> 기관 컨센서스 목표가 대비 현재가 괴리가 큰 종목.

| 티커 | 종목명 | 추세 | 현재가(₩) | RSI | 52주고점% | 업사이드% | PER | MA 위치 |
|---|---|:---:|---:|---:|---:|---:|---:|---|
| 006280 | GC녹십자          | → 중립 | ₩142,900 |   45 |  -19.9% |   +43.7% |      - | MA240 +1.9% |
| 251270 | 넷마블            | ↓ 하락 | ₩50,400 |   47 |  -24.7% |   +41.4% |      - | MA120 -1.9% |
| 012330 | 현대모비스          | → 중립 | ₩422,500 |   51 |  -19.2% |   +31.4% |      - | MA60 -0.1% |
| 000080 | 하이트진로          | ↓↓ 강하락 | ₩17,180 |   52 |  -21.9% |   +31.3% |      - | MA60 -0.3% |
| 005380 | 현대자동차          | ↑↑ 강상승 | ₩513,000 |   50 |  -23.9% |   +25.6% |      - | MA60 +0.5% |
| 018260 | 삼성SDS          | ↓ 하락 | ₩169,800 |   52 |  -12.9% |   +24.9% |      - | MA120 +0.6% |
| 068270 | 셀트리온           | → 중립 | ₩209,000 |   54 |  -15.9% |   +24.6% |      - | MA60 -1.4% |
| 011780 | 금호석유           | ↑ 상승 | ₩133,400 |   52 |  -13.0% |   +23.7% |      - | MA60 +0.0% |

---

## 3. 섹터 분석

| 섹터 | 근접 종목 수 | 비중 |
|---|---:|---:|
| IT서비스 | 1개 | 7.1% |
| 자동차 | 1개 | 7.1% |
| 자동차부품 | 1개 | 7.1% |
| 보험 | 1개 | 7.1% |
| 바이오 | 1개 | 7.1% |
| 제약·혈액제제 | 1개 | 7.1% |
| 게임 | 1개 | 7.1% |
| 은행 | 1개 | 7.1% |
| 비철금속 | 1개 | 7.1% |
| 화학 | 1개 | 7.1% |
| 통신 | 1개 | 7.1% |
| 식품·음료 | 1개 | 7.1% |
| 해운 | 1개 | 7.1% |
| 물류 | 1개 | 7.1% |

> **IT서비스** 섹터가 1개로 가장 많이 집중.

---

## 4. 주의 종목 — RSI 과열 (70+) + MA 저항

> RSI 70 이상인데 이평선 근처에 위치 = 저항선에서 눌릴 가능성. 신규 매수 주의.

> 현재 해당 종목 없음.

---

## 5-1. MA60 근접 전체 목록 (11개)

| 티커 | 종목명 | 추세 | 현재가(₩) | RSI | 52주고점% | 업사이드% | PER | MA 위치 |
|---|---|:---:|---:|---:|---:|---:|---:|---|
| 011780 | 금호석유           | ↑ 상승 | ₩133,400 |   52 |  -13.0% |   +23.7% |      - | MA60 +0.0% |
| 012330 | 현대모비스          | → 중립 | ₩422,500 |   51 |  -19.2% |   +31.4% |      - | MA60 -0.1% |
| 000080 | 하이트진로          | ↓↓ 강하락 | ₩17,180 |   52 |  -21.9% |   +31.3% |      - | MA60 -0.3% |
| 005380 | 현대자동차          | ↑↑ 강상승 | ₩513,000 |   50 |  -23.9% |   +25.6% |      - | MA60 +0.5% |
| 011040 | CJ대한통운         | ↓↓ 강하락 | ₩5,630 |   56 |   -6.6% |    +nan% |      - | MA60 +0.9% / MA120 +0.2% / MA240 -0.1% |
| 024110 | 기업은행           | ↑ 상승 | ₩22,350 |   50 |  -18.1% |    +4.5% |      - | MA60 -1.2% |
| 068270 | 셀트리온           | → 중립 | ₩209,000 |   54 |  -15.9% |   +24.6% |      - | MA60 -1.4% |
| 001450 | 현대해상           | ↑ 상승 | ₩30,550 |   50 |  -21.3% |   +19.9% |      - | MA60 -1.6% / MA120 +1.9% |
| 030200 | KT             | ↑↑ 강상승 | ₩61,700 |   50 |   -9.6% |   +16.5% |      - | MA60 +1.7% |
| 011200 | HMM            | ↑ 상승 | ₩21,100 |   54 |  -16.2% |    +2.7% |      - | MA60 +1.8% / MA240 +1.0% |
| 010130 | 고려아연           | ↑ 상승 | ₩1,642,000 |   51 |  -22.4% |   +14.8% |      - | MA60 -1.9% |

## 5-2. MA120 근접 전체 목록 (4개)

| 티커 | 종목명 | 추세 | 현재가(₩) | RSI | 52주고점% | 업사이드% | PER | MA 위치 |
|---|---|:---:|---:|---:|---:|---:|---:|---|
| 011040 | CJ대한통운         | ↓↓ 강하락 | ₩5,630 |   56 |   -6.6% |    +nan% |      - | MA60 +0.9% / MA120 +0.2% / MA240 -0.1% |
| 018260 | 삼성SDS          | ↓ 하락 | ₩169,800 |   52 |  -12.9% |   +24.9% |      - | MA120 +0.6% |
| 001450 | 현대해상           | ↑ 상승 | ₩30,550 |   50 |  -21.3% |   +19.9% |      - | MA60 -1.6% / MA120 +1.9% |
| 251270 | 넷마블            | ↓ 하락 | ₩50,400 |   47 |  -24.7% |   +41.4% |      - | MA120 -1.9% |

## 5-3. MA240 근접 전체 목록 (3개)

| 티커 | 종목명 | 추세 | 현재가(₩) | RSI | 52주고점% | 업사이드% | PER | MA 위치 |
|---|---|:---:|---:|---:|---:|---:|---:|---|
| 011040 | CJ대한통운         | ↓↓ 강하락 | ₩5,630 |   56 |   -6.6% |    +nan% |      - | MA60 +0.9% / MA120 +0.2% / MA240 -0.1% |
| 011200 | HMM            | ↑ 상승 | ₩21,100 |   54 |  -16.2% |    +2.7% |      - | MA60 +1.8% / MA240 +1.0% |
| 006280 | GC녹십자          | → 중립 | ₩142,900 |   45 |  -19.9% |   +43.7% |      - | MA240 +1.9% |
